$ANSIBLE_VAULT;1.1;AES256
35353966373366653764316331393161386634633336373766323630373837626130376438616363
3461643138396135616133623739356237323332636465350a666435633437626238373839653336
33656662663662303365666565343063653634306362643964373464366430326564313738323533
3930636366653832350a353465666164353938396634623932323131313136643064316561653063
39336265373235663464316264356536656262613230353934343631316362636532333934303165
38376363376632623961323832653865323263343964303736346232326230366265613335643963
38633362396237663662316536646162306437393265383138356563363865333863643064643331
32373331383832636334366639366261323330393436656437613661666565343931373434363839
33626166643432653962393739636462653266613564626136613436356264333936613361333562
35623164376530653938343231366136623839666331356535613964363137633864346330346239
34646532626666623461356632623163333632356534666463663031623062636532373861373133
63666531653730393961393663383437303438393639306265323963396130666435303431626466
66666233656131646662383934623234346165633566643534623432363932333462373230633232
32333131653537306461353064633130353132376333353534336339393833323431636531626435
36346133613531373666653035636439326239626630373134663737376239646130643334623336
62343964366162353563646538643861653036633935383061316633396632353164373866313030
32386564623538306466336664313931303531656632613135626531383863376230306231646530
38333365336134303531373539623062393138633064633762306137633361643764643034393963
61386662656231666639353035393564376231633063663533616138653062396138386665306539
33383066643864376165323231333338393766316563333666333661346132613166353565626531
66363061343862353238383764636434613765373233323430326431363034373935643335363863
34383836373431613636353532643936663939666531656166636233613264623637643837633163
61363132346364346431343561366662396633373432653833356335373931386437383164613637
36386565333661613133663131626461333138616336396239396433353439373930386264646234
35366639636632663064613839366536386364366462666433373466626366346438626139323432
30613931303336616263366466646636613535363630343538353433313834616437643564656363
61636131626535666361393731316130316566353562326162356338353064646162336130353562
65643338353661306161303330383761346231356266396336663236313936313137656133303461
66383936353633643063643262616565306537646137396264386438343830393030386438326532
33303735633761643961666436656632393732353564346634363565643733373332666562633935
35343733333830643730376662366137613662303262626435623633643431623265613330373063
62656465363034333562333938346239613738643831343732323961383761353031316630386437
36353538313334346438306435393464666533333365613163396239613666333266653437633634
35333238313864363166306134346464303138653436346531383566393034643465633765333534
65353262633131653838303266393666613334343064363036376431313732316466356233386465
31356637313636613464306431613131653937326663313362623936666533353238323435353234
62333234306332393530616531626130623231393261373033323762353661326635643030316262
66393634346637373163373734643138396131623432383666303336643730303335616464343335
37316332316662363033333162373334373764323532386564613036303366343235336539626131
66396430303639633538306430393166356132336536363065353836373766643832323733376238
38626635326436316633323266323236663337633237303832623262353565626231303363306564
62316430653062353735326463323831383133396634333637383938633662373332333930373535
34626534626632326161643239363963313436663433393730336435636334366264653432343734
32643563323661346130323337306539393064376534663762636132656633643737396162663236
66646436326466643966383264353965623834303533313430333262343764613634626634623939
38663864383830626135643232396233326635626565376434393938616662633335653061646665
66623233323535323435386331613564363162343534376261303138633938393765323063353761
38353764306432323139376434646138396636383630346436373833303764333462363061613562
65386134623334356661623763383235343335306165366638383734393964363861316432356133
65356338343666653866306533616364313435633932623364313738666661303830663761656537
63326133346633326662643133353865633861643033663165343766623334616136386365656232
35623164353238306338643264363931623736383466373962356633353565613966313134653037
30326234336531623839653261303934656561656263643333613866376631623366353761323461
66643862363432633865376463343036313866333363303338663531363037646438356339643935
36356232326463306537366638646139633331323038333133353436393538393162326639386131
66306463613239666138373764393434323939306237373463313534663937646533363434626133
35376138356437636335616439653263616530663932353262313364656665333736366566333137
65663130613934333437366139316264396436616139343261373566306634663237333564393038
33353334633036663962363238363631613131643634663561666237633162376333373130656132
38666562346135343861626336363232333035313634356533333134653862386135316262343733
34316366373431383739393539333862306137336665353535326239303061313936343166316465
39366137306633363138316135646139376632663465353865626161363336346533633230303239
61633966306532636636396165396662353037393661643566353838633865376539633434313465
62313064616633353566636432383636313166653265303562363131633564646365333736633938
32393833363266326634373464313730353662373938373462323833346238663436326361303734
39633936353430313938396437653365636435666263303231373566313438383833383633383737
39336238366564313232363638613932326463623564376637616131326162353034633931643965
32613864633837323165663130663430343965633165656331653336656263326561393038323263
33653939663932323534643039653232366634393636313439326561613237313061393837313130
33663131383431363835366461393031363237353234343135313331333133353733396563376331
32613431653037343961356638346238663662393165343930633564623764353839363132633337
33396361326332623537313662646338646438653163373965613838626563373164623765323934
64313637376261346638393664326636626434613230616233323538643532663536363130363338
62343566633564386636616530343864653531643762366330633062653034353462386131306531
66633230343662663931653463643363623437363961653433313436646666646533663364346438
38346336353537643134313061633634613537323332323161353031656336383332303064393738
37636662643265656562313633323132346633323639313735646563636232633161386438643637
37336662653630643336306535326236303263656531383730303736303262653662353962336365
35316538363130663962643565613831633430613066656565633030356337633639303265646138
34386437336233326366633238363631333239656334316334366234356665623339366166623032
66643961613936353536303534613636363838656563383163396334633833646264626339396636
37313462343132616432616265643666376139353662623366383964353234396561613266333732
34383637343761333139373937323866336636316565306531623338313036653430313035633135
65373131396135623161383666623739343164343865653932313139323462653064373265373939
38313336343735636530656432616466653131663263636265316663653561353162623336656465
66333839616663623239393632666539306165383864383163363531383963356131306134383339
61613961333662316436316231666331346131643131633063616662313232356163306630653337
38326462633039616330323666386238323063613464333365316136623535613966356563313564
39326638303233643061316264346433623064653134386663643339623134333333626234376666
65343035366137633463346332326364303439363733366134333436653632623863643566396232
31643530623233636530663866633031623765316438336366396337623363303361333265313131
32613232323739326138376163626237373862303139623163343561616461306637323237393137
37306234373831613338613334616466316439626364646665346265653638386638616232343866
30626232633664323863643636326237613236356432663366363062356561663730303033366230
36366466393265653035623833313236346139343430343034633766626432646333366264323431
65336533636434613230343138306637383830643531373461373738633061616464646531346464
32313239636433356366653666646234303631356132333766633236306466393139306337653438
39333634663739343861396666313135666362633666646338386665633939623764366530363365
38303937653137316438383237613630646632356363376363393161376265333163656263363061
38643337653035383936356638336262353162313239653036623934313332373339383733656234
31326431626564626637656231633834343563323032323330643431366136373530343538326364
64393665663639313565613334306561653834613136386634626534306265626663633962356231
36653638336363633537366265616666633261386333396464623632646165326235313534313434
36356136336335653731613236646233343433303035323464316662373434306162636434373736
65363332333162666532666163333038633861333661643562303761393131366632633563656133
33613732383439373961343763326530613466346563313136343433646237303839393839346665
61663332343837666136343230393737396336346662363664623339633634643130326163393362
38303762393030653636343031353765363339343538316533383336303163666630363439303862
30343335303466623531636637306565626430363131333663326234663662633839636566626631
34663734376237616265646161633233653061643538303364666262333837366635333332373333
34656138643764663534373964323136613963363036386630653934393431666138323561303239
30313563356433323335656630633735303166626164396263383662666431656633663366393631
64363330353732623632306530643263623139616566643933333239383730396337393438316166
66633338356337333462386665373866626533613739313630643234613639626539653031646364
64313265623736646133373733353463616433616434613831343636373630373736613038633134
32356131643533376538623466633737333064396130333735316632336632663065646137663238
31366234383132663163643739346434616239313836383831613862313839346361646536303131
62363866653461356335303235396232653130613463323137643230343665653634663630383466
37626532306532613736363938393264653462343561636330353232323030663838313266383062
30396134353530326630623863343634653934386261333866366233323736653535626333656163
38326434383061643635323737623762383862383262636665623339356166393066363233326566
31323765636438643866346136316233333530663061346263626562333865346134353036323566
32616532383630646332613137633536396439303533613165323133623134376139333664643132
65373230633039306433633065303630616638373163373835646232616365396338616564636561
30363765636239363236393235343862343565313531613133383137353532373230383662373765
66346262366264313132393538323864383639316436383134383238623433393233323434383136
35346331656164663364653533393362663138653335636364376237363834383939363364653832
65613036343537366663306537303234623564303730636335343965663439323439623163663965
65623733356666376131636262376330396564313434633539633964636635333634363561376662
61373161306330646331383336353130613432323464383966373233646633643533663738306230
38393861383633396163653732623139326662656664373338333666306234613766353035373936
35616164383331373637626331313530343564313339373261353834326565656139336236633230
38613130353465373639363966336165323633626430633737373632323062643964313731613561
62643137363064343333663133626661643138323338323164623238313230343664616238623431
32313034376139353638383332643033303536353636333532306131643233623631303632373664
32613136373439646535643035656465336332323063316464316665386135376462653836323035
33636461316565336634333262366237366237336264353161313863303334383130303235643138
33373036643238653264343564623263313132653238666131653538343530356430386136363063
39663530336636323438373464646265616161626266373666663439643730366638623337623539
39623561356637353564326236643534643237633965313638613965656633613464623036313361
33353666383031643164373832323662353031353764653532376530356238666433326531326331
66623765383734653939333062306530633938366565343835353131383035373632353732333664
64373961643038643536373831336134366636333861393866663764376361633732663634343738
33636163653762383539386161326162336134346636646532343831616436313432643462396461
63626232386566393738613965356366306362343763353230626236333062356664373766613038
61316362333764653061303831373334333238636161306362323437316165313636356234333935
39616365633231613939306538316264313261316233393562636266386162363765323431623766
62333863303532633933323836393230393138633739343239646465316339666334363838663433
65653564663064346639383663376237653832383937646365313032333461383632666335396232
35633132623466373961633063353863623261333337393565623063626133666336376266383863
37356433656233656235323365383933646134626562653233613235666433616266386564323961
37323839323161333862333364636266653461386365663264623538343334643130333133366634
61336533313730623138313133393436326364346532653166356538643733303537346361303737
32363564653936316361346661303530336332616664306463353434306534303735633435353132
36626564343039663232356138383264613738643232613466373933666131346339333664613334
35373066666637643232393635653830383962613863303134643636646235376137323634303532
64306131316666666265316162303739393862323537666666643330323461393237303231353338
38393763623765663735326133643464316333643062656132653030373935646136366133363434
64326263646461636238363336383566613162643236323134636265666238613539313636663733
62393961343762623931633863373930346662343763666263653362386638333538643332663863
38383264353464356339613630366336346538333230616561666166646433313964623064393562
37636333346666393039313165396362336664366266323066356362663166363933663730323066
33343163353464666431346132396633313961303563326338636330376535656566373830333736
39383931646562383264373730663930386239353037343265616464643436363631396262643739
38353934306632343963376633353464663462383134623065626362336261623734393234323130
34643634343664616362666339343430633934316661323637346435623735383233326164653633
61326262616235346331633338333033316630313038666239343163386138313563343061393336
34383734616463646266356263356561346465363366643532653766396361613433646137396433
39346136303033663565323038633730353763616339366639623032303332633238383364363037
64333836376235393031303336386232303830333535643836633465323432383639646364396434
66326337353365303037376230366433663931663139326562373131333939316636336434366330
38396339366161353061
